layout_spectrum: 0
typography_spectrum: 0.4032258
color:
  saturation: 0.1272401
  brandStrength: 0.178772
  lightness: 0.9749104
  rhythmicContrast: 0.1899642
name: Kyria
